201801140273|2018-01-14 22:39:08|7,1,8,4,9,2,6,3,10,5
201801140277|2018-01-14 22:51:13|5,9,2,10,1,3,8,4,6,7
201801140281|2018-01-14 23:03:02|9,7,6,5,4,10,8,1,3,2
201801140284|2018-01-14 23:12:14|3,2,1,9,6,7,8,5,4,10
201801140288|2018-01-14 23:24:13|3,10,1,8,5,7,4,6,9,2
201801140291|2018-01-14 23:33:04|9,1,2,6,5,7,4,3,10,8
201801140294|2018-01-14 23:42:08|2,4,6,9,10,7,3,1,5,8
201801140301|2018-01-15 00:03:05|8,2,7,6,10,1,4,9,5,3
201801140305|2018-01-15 00:15:10|2,3,10,5,6,8,1,7,4,9
201801140312|2018-01-15 00:36:13|3,7,9,10,6,2,8,1,5,4
201801140316|2018-01-15 00:48:05|3,5,8,4,1,7,2,10,6,9
201801150271|2018-01-15 22:33:12|2,10,9,1,6,5,8,3,7,4
201801150275|2018-01-15 22:45:02|3,2,8,4,10,6,7,5,1,9
201801150279|2018-01-15 22:57:08|2,7,3,6,9,10,1,5,8,4
201801150283|2018-01-15 23:09:02|4,9,2,7,5,3,8,10,1,6
201801150287|2018-01-15 23:21:07|7,9,2,5,1,3,6,8,10,4
201801150291|2018-01-15 23:33:14|8,1,6,10,2,4,5,3,7,9
201801150294|2018-01-15 23:42:07|9,1,5,2,3,10,4,6,7,8
201801150298|2018-01-15 23:54:02|10,4,5,7,1,9,3,6,8,2
201801150302|2018-01-16 00:06:09|10,8,5,6,4,1,7,9,3,2
201801150306|2018-01-16 00:18:09|9,10,1,2,7,8,4,3,6,5
201801150310|2018-01-16 00:30:09|7,3,9,5,10,2,4,1,6,8
201801160271|2018-01-16 22:33:01|10,6,1,4,8,3,2,9,5,7
201801160275|2018-01-16 22:45:09|6,4,1,9,10,7,2,3,5,8
201801160278|2018-01-16 22:54:09|9,10,6,5,4,1,8,2,3,7
201801160283|2018-01-16 23:09:15|5,2,6,10,4,7,3,9,1,8
201801160286|2018-01-16 23:18:12|8,9,10,5,3,7,4,6,2,1
201801160290|2018-01-16 23:30:12|10,3,1,5,9,7,2,6,8,4
201801160295|2018-01-16 23:45:07|4,7,3,5,10,8,1,6,2,9
201801160299|2018-01-16 23:57:04|3,5,4,9,1,6,7,8,2,10
201801160300|2018-01-17 00:00:10|9,1,2,5,4,8,3,10,7,6
201801160304|2018-01-17 00:12:04|6,3,8,5,1,2,7,10,9,4
201801160308|2018-01-17 00:24:03|9,8,1,4,10,5,3,6,7,2
201801170276|2018-01-17 22:48:10|10,6,5,8,9,2,4,1,7,3
201801170280|2018-01-17 23:00:02|7,2,8,6,3,9,10,4,1,5
201801170284|2018-01-17 23:12:08|6,9,3,10,8,4,1,7,2,5
201801170288|2018-01-17 23:24:14|4,9,5,7,1,6,2,3,8,10
201801170292|2018-01-17 23:36:12|6,9,1,2,4,7,3,10,5,8
201801170296|2018-01-17 23:48:12|7,10,6,4,3,1,9,8,2,5
201801170300|2018-01-18 00:00:01|9,1,2,5,4,8,3,10,7,6
201801170304|2018-01-18 00:12:13|4,2,3,6,9,7,10,8,1,5
201801170308|2018-01-18 00:24:14|9,5,2,1,6,10,8,4,7,3
201801170312|2018-01-18 00:36:03|8,5,9,3,4,7,1,2,6,10
201801170316|2018-01-18 00:48:03|2,10,9,7,3,1,5,8,6,4
201801170320|2018-01-18 01:00:11|8,2,7,3,4,9,1,6,10,5
201801180271|2018-01-18 22:33:04|7,5,3,9,2,1,6,10,4,8
201801180275|2018-01-18 22:45:10|7,2,3,4,1,8,6,9,5,10
201801180279|2018-01-18 22:57:14|6,1,8,9,2,3,7,10,5,4
201801180283|2018-01-18 23:09:08|6,1,3,10,4,5,9,7,8,2
201801180288|2018-01-18 23:24:08|8,1,4,9,6,3,5,10,2,7
201801180291|2018-01-18 23:33:15|5,6,9,7,8,3,1,2,10,4
201801180295|2018-01-18 23:45:12|7,9,2,5,4,3,1,6,8,10
201801180299|2018-01-18 23:57:11|8,9,5,4,6,2,1,10,7,3
201801180303|2018-01-19 00:09:13|1,6,3,4,5,2,7,9,10,8
201801180308|2018-01-19 00:24:02|1,7,4,2,10,3,8,9,5,6
201801180312|2018-01-19 00:36:11|6,8,3,5,1,10,2,4,7,9
201801190277|2018-01-19 22:51:11|1,8,7,3,2,5,4,9,10,6
201801190281|2018-01-19 23:03:11|9,6,8,2,10,4,5,1,3,7
201801190284|2018-01-19 23:12:02|4,8,7,5,6,3,9,10,2,1
201801190287|2018-01-19 23:21:07|5,8,3,2,9,6,1,7,10,4
201801190290|2018-01-19 23:30:09|9,3,2,10,7,8,5,6,4,1
201801190294|2018-01-19 23:42:11|3,2,6,7,5,9,1,4,8,10
201801190298|2018-01-19 23:54:03|5,8,9,2,1,3,6,7,10,4
201801190302|2018-01-20 00:06:12|2,3,7,9,5,8,1,6,4,10
201801190306|2018-01-20 00:18:06|4,1,8,9,7,3,6,2,10,5
201801190310|2018-01-20 00:30:02|7,9,2,10,1,3,4,8,5,6
201801190317|2018-01-20 00:51:03|4,7,3,5,10,8,1,6,2,9
201801190321|2018-01-20 01:03:09|10,9,5,7,8,4,1,2,6,3
201801190325|2018-01-20 01:15:08|8,5,7,10,6,2,9,3,4,1
201801190329|2018-01-20 01:27:04|7,3,6,5,8,2,4,1,9,10
201801190333|2018-01-20 01:39:09|5,4,6,1,8,2,3,9,10,7
201801190337|2018-01-20 01:51:12|5,10,6,1,8,9,2,4,7,3
201801190342|2018-01-20 02:06:06|2,3,4,6,7,5,8,1,10,9
201801190346|2018-01-20 02:18:03|7,6,4,5,9,10,2,1,8,3
201801190350|2018-01-20 02:30:08|7,9,2,8,10,4,1,3,6,5
201801190354|2018-01-20 02:42:07|8,3,6,9,5,2,1,4,10,7
201801190358|2018-01-20 02:54:10|3,7,8,2,5,9,6,10,1,4
201801200274|2018-01-20 22:42:05|6,3,5,2,7,1,4,9,10,8
201801200278|2018-01-20 22:54:13|1,9,6,3,2,5,4,8,7,10
201801200283|2018-01-20 23:09:03|1,3,10,8,6,2,4,5,9,7
201801200287|2018-01-20 23:21:05|5,10,4,9,1,7,6,8,3,2
201801200292|2018-01-20 23:36:08|1,3,6,8,9,4,5,2,10,7
201801200296|2018-01-20 23:48:10|9,6,8,1,7,5,4,2,3,10
201801200301|2018-01-21 00:03:07|5,8,4,2,3,9,1,6,10,7
201801200305|2018-01-21 00:15:13|8,10,7,3,9,5,2,4,6,1
201801200310|2018-01-21 00:30:11|1,2,8,10,9,4,7,6,3,5
201801200314|2018-01-21 00:42:12|3,9,7,5,4,6,8,2,1,10
201801200331|2018-01-21 01:33:14|4,8,1,2,5,6,7,3,10,9
